11
13
14
15
16
32
33
38
39
42
45
50
63
68
75
76
81
83
84
85
86
95
96
97
103
107
108
109
110
116
118
121
122
123
124
125
126
127
131
133
141
142
143
144
145
146
147
148
149
166
171
172
174
177
178
179
185
187
189
203
205
206
208
210
221
222
223
228
229
248
249
245
251
252
253
254
255
256
257
258
264
265
266
267
268
269
270
281
282
283
284
285
286
287
288
289
290
303
305
309
326
321
323
327
328
341
342
343
344
345
347
348
349
351
352
353
354
355
356
357
358
360
363
371
372
373
375
377
381
384
386
387